1212667269 11.567955 177.500000 110.000000 177.500000 11.237472 1994.651245
1212667269 11.804037 177.899994 110.000000 177.899994 0.236082 41.998985
1212667270 12.032149 177.300003 110.000000 177.300003 0.228112 40.444260
1212667270 12.264267 177.100006 110.000000 177.100006 0.232118 41.108097
1212667270 12.500386 177.399994 110.000000 177.399994 0.236119 41.887508
1212667270 12.732504 177.100006 110.000000 177.100006 0.232118 41.108097
1212667270 12.964624 177.699997 110.000000 177.699997 0.232120 41.247726
1212667271 13.196746 177.500000 110.000000 177.500000 0.232122 41.201656
1212667271 13.432868 177.600006 110.000000 177.600006 0.236122 41.935268
1212667271 13.664996 177.800003 110.000000 177.800003 0.232128 41.272358
1212667271 13.897122 181.899994 110.000000 181.899994 0.232126 42.223717
1212667272 14.133250 182.600006 110.000000 182.600006 0.236128 43.116974
1212667272 14.365373 182.000000 110.000000 182.000000 0.232123 42.246387
1212667272 14.597500 182.300003 110.000000 182.300003 0.232127 42.316753
1212667272 14.829624 182.199997 110.000000 182.199997 0.232124 42.292992
1212667273 15.065750 182.600006 110.000000 182.600006 0.236126 43.116611
1212667273 15.299328 182.000000 110.000000 182.000000 0.233578 42.511196
1212667273 15.535476 182.699997 110.000000 182.699997 0.236148 43.144238
1212667273 15.763563 182.800003 110.000000 182.800003 0.228087 41.694302
1212667273 15.999683 182.800003 110.000000 182.800003 0.236120 43.162735
1212667274 16.235800 182.600006 110.000000 182.600006 0.236117 43.114967
1212667274 16.467921 182.500000 110.000000 182.500000 0.232121 42.362083
1212667274 16.696049 182.199997 110.000000 182.199997 0.228128 41.564922
1212667274 16.932170 181.800003 110.000000 181.800003 0.236121 42.926800
1212667275 17.164298 182.399994 110.000000 182.399994 0.232128 42.340145
1212667275 17.396418 181.800003 110.000000 181.800003 0.232120 42.199417
1212667275 17.628536 181.800003 110.000000 181.800003 0.232118 42.199051
1212667275 17.864658 182.000000 110.000000 182.000000 0.236122 42.974205
1212667276 18.096772 182.300003 110.000000 182.300003 0.232114 42.314384
1212667276 18.328889 181.899994 110.000000 181.899994 0.232117 42.222080
1212667276 18.565010 182.500000 110.000000 182.500000 0.236121 43.092083
1212667276 18.797137 182.399994 110.000000 182.399994 0.232127 42.339962
1212667277 19.029264 183.500000 110.000000 183.500000 0.232127 42.595303
1212667277 19.261406 183.300003 110.000000 183.300003 0.232142 42.551628
1212667277 19.497516 182.800003 110.000000 182.800003 0.236110 43.160908
1212667277 19.729632 183.199997 110.000000 183.199997 0.232116 42.523651
1212667277 19.961753 182.800003 110.000000 182.800003 0.232121 42.431721
1212667278 20.197876 182.300003 110.000000 182.300003 0.236123 43.045223
1212667278 20.429996 182.600006 110.000000 182.600006 0.232120 42.385117
1212667278 20.662117 181.699997 110.000000 181.699997 0.232121 42.176388
1212667278 20.898240 182.600006 110.000000 182.600006 0.236123 43.116062
1212667279 21.130363 182.199997 110.000000 182.199997 0.232123 42.292809
1212667279 21.362500 182.600006 110.000000 182.600006 0.232137 42.388218
1212667279 21.598605 182.100006 110.000000 182.100006 0.236105 42.994720
1212667279 21.830723 182.399994 110.000000 182.399994 0.232118 42.338322
1212667280 22.066837 182.600006 110.000000 182.600006 0.236114 43.114418
1212667280 22.294949 182.199997 110.000000 182.199997 0.228112 41.562004
1212667280 22.531062 182.500000 110.000000 182.500000 0.236113 43.090622
1212667280 22.763180 182.399994 110.000000 182.399994 0.232118 42.338322
1212667280 22.995300 182.800003 110.000000 182.800003 0.232120 42.431538
1212667281 23.231419 182.800003 110.000000 182.800003 0.236119 43.162556
1212667281 23.467537 182.500000 110.000000 182.500000 0.236118 43.091537
1212667281 23.699652 182.600006 110.000000 182.600006 0.232115 42.384201
1212667281 23.931766 182.399994 110.000000 182.399994 0.232114 42.337593
1212667282 24.167883 181.800003 110.000000 181.800003 0.236117 42.926071
1212667282 24.400006 181.899994 110.000000 181.899994 0.232123 42.223171
1212667282 24.628127 182.399994 110.000000 182.399994 0.228121 41.609268
1212667282 24.860254 182.100006 110.000000 182.100006 0.232127 42.270329
1212667283 25.096386 182.100006 110.000000 182.100006 0.236132 42.999638
1212667283 25.328516 182.699997 110.000000 182.699997 0.232130 42.410152
1212667283 25.560647 182.300003 110.000000 182.300003 0.232131 42.317482
1212667283 25.796771 182.899994 110.000000 182.899994 0.236124 43.187077
1212667284 26.028896 182.399994 110.000000 182.399994 0.232125 42.339600
1212667284 26.261026 182.100006 110.000000 182.100006 0.232130 42.270874
1212667284 26.493149 183.100006 110.000000 183.100006 0.232123 42.501724
1212667284 26.729279 182.300003 110.000000 182.300003 0.236130 43.046501
1212667284 26.961395 183.100006 110.000000 183.100006 0.232116 42.500443
1212667285 27.193518 182.300003 110.000000 182.300003 0.232123 42.316025
1212667285 27.429638 181.699997 110.000000 181.699997 0.236120 42.903004
1212667285 27.661757 181.899994 110.000000 181.899994 0.232119 42.222443
1212667285 27.893880 181.600006 110.000000 181.600006 0.232123 42.153538
1212667286 28.126009 182.300003 110.000000 182.300003 0.232129 42.317116
1212667286 28.362137 181.600006 110.000000 181.600006 0.236128 42.880848
1212667286 28.594265 182.399994 110.000000 182.399994 0.232128 42.340145
1212667286 28.826385 182.199997 110.000000 182.199997 0.232120 42.292263
1212667287 29.062512 182.300003 110.000000 182.300003 0.236127 43.045952
1212667287 29.298636 182.600006 110.000000 182.600006 0.236124 43.116241
1212667287 29.526755 182.399994 110.000000 182.399994 0.228119 41.608906
1212667287 29.762880 182.800003 110.000000 182.800003 0.236125 43.163651
1212667287 29.998999 182.600006 110.000000 182.600006 0.236119 43.115330
1212667288 30.227113 182.000000 110.000000 182.000000 0.228114 41.516747
1212667288 30.463229 182.699997 110.000000 182.699997 0.236116 43.138393
1212667288 30.695349 181.500000 110.000000 181.500000 0.232120 42.129780
1212667288 30.931470 181.800003 110.000000 181.800003 0.236121 42.926800
1212667289 31.163586 182.199997 110.000000 182.199997 0.232116 42.291534
1212667289 31.395697 182.399994 110.000000 182.399994 0.232111 42.337048
1212667289 31.631811 182.500000 110.000000 182.500000 0.236114 43.090805
1212667289 31.863927 181.699997 110.000000 181.699997 0.232116 42.175476
1212667290 32.096043 182.300003 110.000000 182.300003 0.232116 42.314747
1212667290 32.328152 181.500000 110.000000 181.500000 0.232109 42.127781
1212667290 32.560267 182.800003 110.000000 182.800003 0.232115 42.430622
1212667290 32.792381 182.699997 110.000000 182.699997 0.232114 42.407227
1212667291 33.028497 182.699997 110.000000 182.699997 0.236116 43.138393
1212667291 33.260613 181.899994 110.000000 181.899994 0.232116 42.221897
1212667291 33.492728 181.800003 110.000000 181.800003 0.232115 42.198509
1212667291 33.724844 181.699997 110.000000 181.699997 0.232116 42.175476
1212667291 33.960962 182.100006 110.000000 182.100006 0.236118 42.997089
1212667292 34.193093 182.600006 110.000000 182.600006 0.232131 42.387123
1212667292 34.425204 182.300003 110.000000 182.300003 0.232111 42.313839
1212667292 34.661322 181.600006 110.000000 181.600006 0.236118 42.879032
1212667292 34.893443 182.399994 110.000000 182.399994 0.232121 42.338871
1212667293 35.125569 181.899994 110.000000 181.899994 0.232126 42.223717
1212667293 35.360247 182.199997 110.000000 182.199997 0.234678 42.758331
1212667293 35.592380 181.600006 110.000000 181.600006 0.232133 42.155354
1212667293 35.824531 182.800003 110.000000 182.800003 0.232151 42.437202
1212667294 36.060640 182.600006 110.000000 182.600006 0.236109 43.113506
1212667294 36.292778 182.199997 110.000000 182.199997 0.232138 42.295540
1212667294 36.524906 182.699997 110.000000 182.699997 0.232128 42.409782
1212667294 36.761036 181.800003 110.000000 181.800003 0.236130 42.928436
1212667294 36.993165 182.100006 110.000000 182.100006 0.232129 42.270691
1212667295 37.225290 182.300003 110.000000 182.300003 0.232125 42.316387
1212667295 37.461416 182.199997 110.000000 182.199997 0.236126 43.022156
1212667295 37.693540 182.399994 110.000000 182.399994 0.232124 42.339417
1212667295 37.925667 181.899994 110.000000 181.899994 0.232127 42.223900
1212667296 38.157792 182.000000 110.000000 182.000000 0.232125 42.246750
1212667296 38.393916 182.300003 110.000000 182.300003 0.236124 43.045406
1212667296 38.626037 182.100006 110.000000 182.100006 0.232121 42.269238
1212667296 38.858162 181.800003 110.000000 181.800003 0.232125 42.200325
1212667297 39.094288 181.600006 110.000000 181.600006 0.236126 42.880486
1212667297 39.330410 182.300003 110.000000 182.300003 0.236122 43.045040
1212667297 39.558532 182.600006 110.000000 182.600006 0.228122 41.655079
1212667297 39.794657 182.699997 110.000000 182.699997 0.236125 43.140038
1212667298 40.026781 181.699997 110.000000 181.699997 0.232124 42.176929
1212667298 40.258923 181.899994 110.000000 181.899994 0.232142 42.226627
1212667298 40.495036 182.000000 110.000000 182.000000 0.236113 42.972565
1212667298 40.727161 182.199997 110.000000 182.199997 0.232125 42.293175
1212667298 40.963285 182.800003 110.000000 182.800003 0.236124 43.163467
1212667299 41.195407 182.199997 110.000000 182.199997 0.232122 42.292629
1212667299 41.427532 182.500000 110.000000 182.500000 0.232125 42.362812
1212667299 41.663664 182.600006 110.000000 182.600006 0.236132 43.117702
1212667299 41.895788 181.399994 110.000000 181.399994 0.232124 42.107292
1212667300 42.127914 182.699997 110.000000 182.699997 0.232126 42.409420
1212667300 42.360071 181.800003 110.000000 181.800003 0.232157 42.206146
1212667300 42.592171 182.399994 110.000000 182.399994 0.232100 42.335037
1212667300 42.824301 182.399994 110.000000 182.399994 0.232130 42.340511
1212667301 43.060432 181.800003 110.000000 181.800003 0.236131 42.928616
1212667301 43.292557 181.899994 110.000000 181.899994 0.232125 42.223537
1212667301 43.524676 182.199997 110.000000 182.199997 0.232119 42.292080
1212667301 43.760801 182.399994 110.000000 182.399994 0.236125 43.069199
1212667301 43.992928 181.899994 110.000000 181.899994 0.232127 42.223900
1212667302 44.225061 182.899994 110.000000 182.899994 0.232133 42.457123
1212667302 44.457197 182.600006 110.000000 182.600006 0.232136 42.388035
1212667302 44.693322 182.100006 110.000000 182.100006 0.236125 42.998363
1212667302 44.925442 182.600006 110.000000 182.600006 0.232120 42.385117
1212667303 45.157560 181.899994 110.000000 181.899994 0.232118 42.222263
1212667303 45.393672 182.300003 110.000000 182.300003 0.236112 43.043217
1212667303 45.625785 182.500000 110.000000 182.500000 0.232113 42.360622
1212667303 45.857903 182.500000 110.000000 182.500000 0.232118 42.361534
1212667304 46.094025 182.699997 110.000000 182.699997 0.236122 43.139488
1212667304 46.326152 182.199997 110.000000 182.199997 0.232127 42.293537
1212667304 46.558272 181.699997 110.000000 181.699997 0.232120 42.176205
1212667304 46.790397 182.300003 110.000000 182.300003 0.232125 42.316387
1212667305 47.026524 181.800003 110.000000 181.800003 0.236127 42.927891
1212667305 47.262653 181.699997 110.000000 181.699997 0.236129 42.904640
1212667305 47.490779 182.000000 110.000000 182.000000 0.228126 41.518932
1212667305 47.726910 181.800003 110.000000 181.800003 0.236131 42.928616
1212667305 47.963040 182.100006 110.000000 182.100006 0.236130 42.999275
1212667306 48.191163 182.399994 110.000000 182.399994 0.228123 41.609634
1212667306 48.427292 181.899994 110.000000 181.899994 0.236129 42.951862
1212667306 48.663422 181.800003 110.000000 181.800003 0.236130 42.928436
1212667306 48.891566 182.300003 110.000000 182.300003 0.228144 41.590652
1212667307 49.127680 182.300003 110.000000 182.300003 0.236114 43.043583
1212667307 49.359812 183.000000 110.000000 183.000000 0.232132 42.480156
1212667307 49.595942 182.800003 110.000000 182.800003 0.236130 43.164566
1212667307 49.824073 183.000000 110.000000 183.000000 0.228131 41.747971
1212667308 50.060208 183.300003 110.000000 183.300003 0.236135 43.283546
1212667308 50.292335 182.300003 110.000000 182.300003 0.232127 42.316753
1212667308 50.524469 182.199997 110.000000 182.199997 0.232134 42.294815
1212667308 50.756601 181.899994 110.000000 181.899994 0.232132 42.224812
1212667308 50.992733 182.300003 110.000000 182.300003 0.236132 43.046864
1212667309 51.224865 182.600006 110.000000 182.600006 0.232132 42.387306
1212667309 51.457000 182.199997 110.000000 182.199997 0.232135 42.294994
1212667309 51.693130 183.000000 110.000000 183.000000 0.236130 43.211788
1212667309 51.925258 182.600006 110.000000 182.600006 0.232128 42.386574
1212667310 52.157388 182.399994 110.000000 182.399994 0.232130 42.340511
1212667310 52.393527 182.800003 110.000000 182.800003 0.236139 43.166210
1212667310 52.625652 182.300003 110.000000 182.300003 0.232125 42.316387
1212667310 52.857783 182.000000 110.000000 182.000000 0.232131 42.247841
1212667311 53.089912 181.800003 110.000000 181.800003 0.232129 42.201050
1212667311 53.326043 182.399994 110.000000 182.399994 0.236131 43.070293
1212667311 53.558172 182.699997 110.000000 182.699997 0.232129 42.409966
1212667311 53.790305 182.000000 110.000000 182.000000 0.232133 42.248207
1212667312 54.026444 181.699997 110.000000 181.699997 0.236139 42.906456
1212667312 54.262576 182.600006 110.000000 182.600006 0.236132 43.117702
1212667312 54.490706 182.699997 110.000000 182.699997 0.228130 41.679352
1212667312 54.726839 183.100006 110.000000 183.100006 0.236133 43.235954
1212667312 54.962975 182.899994 110.000000 182.899994 0.236136 43.189274
1212667313 55.191106 182.899994 110.000000 182.899994 0.228131 41.725159
1212667313 55.424701 182.399994 110.000000 182.399994 0.233595 42.607727
1212667313 55.656837 183.100006 110.000000 183.100006 0.232136 42.504101
1212667313 55.892967 181.500000 110.000000 181.500000 0.236130 42.857594
1212667314 56.125098 182.300003 110.000000 182.300003 0.232131 42.317482
1212667314 56.357230 182.100006 110.000000 182.100006 0.232132 42.271240
1212667314 56.593366 182.199997 110.000000 182.199997 0.236136 43.023979
1212667314 56.825496 182.000000 110.000000 182.000000 0.232130 42.247662
1212667315 57.057626 181.699997 110.000000 181.699997 0.232130 42.178020
1212667315 57.293752 182.300003 110.000000 182.300003 0.236126 43.045773
1212667315 57.525878 181.899994 110.000000 181.899994 0.232126 42.223717
1212667315 57.758009 182.000000 110.000000 182.000000 0.232131 42.247841
1212667315 57.990140 182.800003 110.000000 182.800003 0.232131 42.433548
1212667316 58.226272 182.199997 110.000000 182.199997 0.236132 43.023251
1212667316 58.458405 182.300003 110.000000 182.300003 0.232133 42.317848
1212667316 58.690538 181.899994 110.000000 181.899994 0.232133 42.224991
1212667316 58.926668 181.899994 110.000000 181.899994 0.236130 42.952045
1212667317 59.158798 182.800003 110.000000 182.800003 0.232130 42.433365
1212667317 59.390928 182.699997 110.000000 182.699997 0.232130 42.410152
1212667317 59.627058 182.199997 110.000000 182.199997 0.236130 43.022884
1212667317 59.859187 182.300003 110.000000 182.300003 0.232129 42.317116
1212667318 60.091323 182.699997 110.000000 182.699997 0.232136 42.411247
1212667318 60.327457 181.500000 110.000000 181.500000 0.236134 42.858318
1212667318 60.563593 182.399994 110.000000 182.399994 0.236136 43.071205
1212667318 60.791718 181.899994 110.000000 181.899994 0.228125 41.495937
1212667319 61.027853 181.600006 110.000000 181.600006 0.236135 42.882118
1212667319 61.263987 182.000000 110.000000 182.000000 0.236134 42.976387
1212667319 61.492117 182.100006 110.000000 182.100006 0.228130 41.542473
1212667319 61.724251 182.600006 110.000000 182.600006 0.232134 42.387669
1212667319 61.960386 182.500000 110.000000 182.500000 0.236135 43.094639
1212667320 62.192522 182.399994 110.000000 182.399994 0.232136 42.341606
1212667320 62.424655 182.300003 110.000000 182.300003 0.232133 42.317848
1212667320 62.656793 182.199997 110.000000 182.199997 0.232138 42.295540
1212667320 62.892930 183.500000 110.000000 183.500000 0.236137 43.331139
1212667321 63.125068 182.399994 110.000000 182.399994 0.232138 42.341969
1212667321 63.357204 182.300003 110.000000 182.300003 0.232136 42.318394
1212667321 63.593341 182.000000 110.000000 182.000000 0.236137 42.976936
1212667321 63.825480 182.399994 110.000000 182.399994 0.232139 42.342152
1212667322 64.057618 181.899994 110.000000 181.899994 0.232138 42.225899
1212667322 64.293749 182.300003 110.000000 182.300003 0.236131 43.046680
1212667322 64.525884 182.399994 110.000000 182.399994 0.232135 42.341423
1212667322 64.758023 182.800003 110.000000 182.800003 0.232139 42.435013
1212667322 64.990160 182.000000 110.000000 182.000000 0.232137 42.248932
1212667323 65.226299 183.399994 110.000000 183.399994 0.236139 43.307892
1212667323 65.458444 183.000000 110.000000 183.000000 0.232145 42.482533
1212667323 65.694566 183.199997 110.000000 183.199997 0.236122 43.257549
1212667323 65.926697 183.399994 110.000000 183.399994 0.232131 42.572826
1212667324 66.162838 183.800003 110.000000 183.800003 0.236141 43.402718
1212667324 66.394970 183.399994 110.000000 183.399994 0.232132 42.573009
1212667324 66.627101 183.300003 110.000000 183.300003 0.232131 42.549614
1212667324 66.863227 183.500000 110.000000 183.500000 0.236126 43.329121
1212667325 67.095355 183.399994 110.000000 183.399994 0.232128 42.572273
1212667325 67.327490 183.399994 110.000000 183.399994 0.232135 42.573559
1212667325 67.563619 183.300003 110.000000 183.300003 0.236129 43.282448
1212667325 67.791744 183.100006 110.000000 183.100006 0.228125 41.769691
1212667326 68.027880 183.500000 110.000000 183.500000 0.236136 43.330956
1212667326 68.264011 182.100006 110.000000 182.100006 0.236131 42.999454
1212667326 68.492137 182.000000 110.000000 182.000000 0.228126 41.518932
1212667326 68.724263 181.399994 110.000000 181.399994 0.232126 42.107655
1212667326 68.960398 181.800003 110.000000 181.800003 0.236135 42.929344
1212667327 69.192527 181.899994 110.000000 181.899994 0.232129 42.224262
1212667327 69.424662 182.699997 110.000000 182.699997 0.232135 42.411064
1212667327 69.660799 183.500000 110.000000 183.500000 0.236137 43.331139
1212667327 69.892929 181.300003 110.000000 181.300003 0.232130 42.085171
1212667328 70.125066 182.199997 110.000000 182.199997 0.232137 42.295361
1212667328 70.357198 182.000000 110.000000 182.000000 0.232132 42.248024
1212667328 70.593332 182.600006 110.000000 182.600006 0.236134 43.118069
1212667328 70.825463 182.699997 110.000000 182.699997 0.232131 42.410336
1212667329 71.057595 181.899994 110.000000 181.899994 0.232132 42.224812
1212667329 71.293727 182.300003 110.000000 182.300003 0.236132 43.046864
1212667329 71.525853 182.000000 110.000000 182.000000 0.232126 42.246933
1212667329 71.757981 182.199997 110.000000 182.199997 0.232128 42.293720
1212667329 71.994110 181.800003 110.000000 181.800003 0.236129 42.928253
1212667330 72.226239 182.300003 110.000000 182.300003 0.232129 42.317116
1212667330 72.458365 181.899994 110.000000 181.899994 0.232126 42.223717
1212667330 72.694491 181.800003 110.000000 181.800003 0.236126 42.927708
1212667330 72.930620 182.000000 110.000000 182.000000 0.236129 42.975479
1212667331 73.158743 183.600006 110.000000 183.600006 0.228123 41.883385
1212667331 73.394874 183.100006 110.000000 183.100006 0.236131 43.235588
1212667331 73.631006 182.199997 110.000000 182.199997 0.236132 43.023251
1212667331 73.859145 182.300003 110.000000 182.300003 0.228139 41.589741
1212667332 74.095263 182.500000 110.000000 182.500000 0.236118 43.091537
1212667332 74.327393 182.500000 110.000000 182.500000 0.232130 42.363728
1212667332 74.563531 182.600006 110.000000 182.600006 0.236138 43.118801
1212667332 74.795667 182.800003 110.000000 182.800003 0.232136 42.434460
1212667333 75.031797 182.100006 110.000000 182.100006 0.236130 42.999275
1212667333 75.258482 182.100006 110.000000 182.100006 0.226685 41.279339
1212667333 75.494632 181.600006 110.000000 181.600006 0.236150 42.884842
1212667333 75.730742 182.500000 110.000000 182.500000 0.236110 43.090076
1212667333 75.958872 182.199997 110.000000 182.199997 0.228130 41.565285
1212667334 76.195009 182.000000 110.000000 182.000000 0.236137 42.976936
1212667334 76.427146 184.199997 110.000000 184.199997 0.232137 42.759632
1212667334 76.659274 183.000000 110.000000 183.000000 0.232128 42.479424
1212667334 76.895409 181.899994 110.000000 181.899994 0.236135 42.952957
1212667335 77.127542 182.100006 110.000000 182.100006 0.232133 42.271420
1212667335 77.359673 182.399994 110.000000 182.399994 0.232131 42.340694
1212667335 77.595812 182.199997 110.000000 182.199997 0.236139 43.024525
1212667335 77.831952 182.300003 110.000000 182.300003 0.236140 43.048321
1212667336 78.060086 182.500000 110.000000 182.500000 0.228134 41.634457
1212667336 78.292225 181.399994 110.000000 181.399994 0.232139 42.110016
1212667336 78.528359 183.699997 110.000000 183.699997 0.236134 43.377815
1212667336 78.760489 181.899994 110.000000 181.899994 0.232130 42.224445
1212667336 78.992617 182.500000 110.000000 182.500000 0.232128 42.363358
1212667337 79.224753 181.800003 110.000000 181.800003 0.232136 42.202324
1212667337 79.460887 181.899994 110.000000 181.899994 0.236134 42.952770
1212667337 79.693023 182.199997 110.000000 182.199997 0.232136 42.295177
1212667337 79.925156 182.300003 110.000000 182.300003 0.232133 42.317848
1212667338 80.161298 182.100006 110.000000 182.100006 0.236142 43.001457
1212667338 80.393437 183.899994 110.000000 183.899994 0.232139 42.690361
1212667338 80.625573 185.600006 110.000000 185.600006 0.232136 43.084442
1212667338 80.861711 176.100006 110.000000 176.100006 0.236138 41.583904
1212667339 81.093850 177.199997 110.000000 177.199997 0.232139 41.135033
1212667339 81.325981 177.800003 110.000000 177.800003 0.232131 41.272892
1212667339 81.562115 177.300003 110.000000 177.300003 0.236134 41.866558
1212667339 81.794246 177.100006 110.000000 177.100006 0.232131 41.110401
1212667340 82.026375 177.000000 110.000000 177.000000 0.232129 41.086830
1212667340 82.258507 177.000000 110.000000 177.000000 0.232132 41.087364
1212667340 82.494646 177.399994 110.000000 177.399994 0.236139 41.891056
1212667340 82.726780 177.000000 110.000000 177.000000 0.232134 41.087719
1212667340 82.962920 177.500000 110.000000 177.500000 0.236140 41.914848
1212667341 83.195055 177.000000 110.000000 177.000000 0.232135 41.087894
1212667341 83.431193 177.399994 110.000000 177.399994 0.236138 41.890881
1212667341 83.663327 177.500000 110.000000 177.500000 0.232134 41.203785
1212667341 83.895464 177.100006 110.000000 177.100006 0.232137 41.111462
1212667342 84.131605 177.500000 110.000000 177.500000 0.236141 41.915028
1212667342 84.363739 177.300003 110.000000 177.300003 0.232134 41.157360
1212667342 84.595871 177.100006 110.000000 177.100006 0.232132 41.110580
1212667342 84.832008 177.199997 110.000000 177.199997 0.236137 41.843475
1212667343 85.060141 177.199997 110.000000 177.199997 0.228133 40.425167
1212667343 85.292276 177.500000 110.000000 177.500000 0.232135 41.203960
1212667343 85.528404 177.000000 110.000000 177.000000 0.236128 41.794655
