1212667498 11.728136 176.399994 110.000000 176.399994 11.202292 1976.084351
1212667498 11.960225 176.899994 110.000000 176.899994 0.232089 41.056541
1212667499 12.192358 176.399994 110.000000 176.399994 0.232133 40.948261
1212667499 12.424510 176.300003 110.000000 176.300003 0.232152 40.928398
1212667499 12.660623 176.600006 110.000000 176.600006 0.236113 41.697556
1212667499 12.892758 176.300003 110.000000 176.300003 0.232135 40.925400
1212667500 13.124892 176.800003 110.000000 176.800003 0.232134 41.041290
1212667500 13.361024 193.800003 110.000000 193.800003 0.236132 45.762383
1212667500 13.593148 190.500000 110.000000 190.500000 0.232124 44.219624
1212667500 13.825278 193.899994 110.000000 193.899994 0.232130 45.010006
1212667501 14.061411 193.699997 110.000000 193.699997 0.236133 45.738960
1212667501 14.293539 192.500000 110.000000 192.500000 0.232128 44.684639
1212667501 14.525674 192.800003 110.000000 192.800003 0.232135 44.755627
1212667501 14.761808 193.199997 110.000000 193.199997 0.236134 45.621086
1212667501 14.993940 193.699997 110.000000 193.699997 0.232132 44.963966
1212667502 15.226074 192.600006 110.000000 192.600006 0.232134 44.709011
1212667502 15.462209 192.600006 110.000000 192.600006 0.236135 45.479603
1212667502 15.694341 192.699997 110.000000 192.699997 0.232132 44.731834
1212667502 15.926474 193.500000 110.000000 193.500000 0.232133 44.917736
1212667503 16.158610 188.600006 110.000000 188.600006 0.232136 43.780849
1212667503 16.394746 189.500000 110.000000 189.500000 0.236136 44.747772
1212667503 16.614869 186.100006 110.000000 186.100006 0.220123 40.964890
1212667503 16.842988 188.600006 110.000000 188.600006 0.228119 43.023247
1212667504 17.079119 188.600006 110.000000 188.600006 0.236131 44.534309
1212667504 17.315244 187.800003 110.000000 187.800003 0.236125 44.344276
1212667504 17.543364 188.600006 110.000000 188.600006 0.228120 43.023434
1212667504 17.779500 189.199997 110.000000 189.199997 0.236136 44.676929
1212667505 18.011632 188.800003 110.000000 188.800003 0.232132 43.826523
1212667505 18.243766 188.000000 110.000000 188.000000 0.232134 43.641193
1212667505 18.479902 187.100006 110.000000 187.100006 0.236136 44.181049
1212667505 18.716036 189.100006 110.000000 189.100006 0.236134 44.652939
1212667505 18.944167 189.899994 110.000000 189.899994 0.228131 43.322075
1212667506 19.176297 189.300003 110.000000 189.300003 0.232130 43.942211
1212667506 19.412431 189.100006 110.000000 189.100006 0.236134 44.652939
1212667506 19.644564 188.800003 110.000000 188.800003 0.232133 43.826710
1212667506 19.876697 189.000000 110.000000 189.000000 0.232133 43.873138
1212667507 20.108830 188.199997 110.000000 188.199997 0.232133 43.687431
1212667507 20.344964 188.399994 110.000000 188.399994 0.236134 44.487644
1212667507 20.577099 189.300003 110.000000 189.300003 0.232135 43.943157
1212667507 20.809225 188.800003 110.000000 188.800003 0.232126 43.825390
1212667508 21.045356 189.399994 110.000000 189.399994 0.236131 44.723209
1212667508 21.277495 187.500000 110.000000 187.500000 0.232139 43.526062
1212667508 21.509634 188.800003 110.000000 188.800003 0.232139 43.827847
1212667508 21.745775 188.399994 110.000000 188.399994 0.236141 44.488964
1212667508 21.977913 189.300003 110.000000 189.300003 0.232138 43.943722
1212667509 22.210043 188.300003 110.000000 188.300003 0.232130 43.710079
1212667509 22.446177 188.100006 110.000000 188.100006 0.236134 44.416805
1212667509 22.678311 188.500000 110.000000 188.500000 0.232134 43.757259
1212667509 22.910439 187.100006 110.000000 187.100006 0.232128 43.431149
1212667510 23.146574 189.000000 110.000000 189.000000 0.236135 44.629517
1212667510 23.378704 188.699997 110.000000 188.699997 0.232130 43.802933
1212667510 23.610836 189.100006 110.000000 189.100006 0.232132 43.896164
1212667510 23.846970 189.300003 110.000000 189.300003 0.236134 44.700165
1212667511 24.079099 190.800003 110.000000 190.800003 0.232129 44.290211
1212667511 24.315234 190.199997 110.000000 190.199997 0.236135 44.912876
1212667511 24.547367 189.800003 110.000000 189.800003 0.232133 44.058846
1212667511 24.779497 190.399994 110.000000 190.399994 0.232130 44.197552
1212667512 25.015633 190.300003 110.000000 190.300003 0.236136 44.936684
1212667512 25.247764 190.100006 110.000000 190.100006 0.232131 44.128105
1212667512 25.483897 190.300003 110.000000 190.300003 0.236133 44.936108
1212667512 25.716034 190.100006 110.000000 190.100006 0.232137 44.129246
1212667512 25.944152 190.300003 110.000000 190.300003 0.228118 43.410858
1212667513 26.176281 190.399994 110.000000 190.399994 0.232129 44.197357
1212667513 26.409871 190.199997 110.000000 190.199997 0.233590 44.428818
1212667513 26.646020 190.000000 110.000000 190.000000 0.236149 44.868309
1212667513 26.878138 196.100006 110.000000 196.100006 0.232118 45.518341
1212667514 27.110269 194.199997 110.000000 194.199997 0.232131 45.079842
1212667514 27.346400 194.199997 110.000000 194.199997 0.236131 45.856640
1212667514 27.582533 196.000000 110.000000 196.000000 0.236133 46.282066
1212667514 27.810663 195.100006 110.000000 195.100006 0.228130 44.508163
1212667515 28.046794 193.699997 110.000000 193.699997 0.236131 45.738575
1212667515 28.278919 194.500000 110.000000 194.500000 0.232125 45.148312
1212667515 28.511047 195.300003 110.000000 195.300003 0.232128 45.334599
1212667515 28.747182 195.500000 110.000000 195.500000 0.236135 46.164394
1212667515 28.983314 193.199997 110.000000 193.199997 0.236132 45.620701
1212667516 29.211443 177.800003 110.000000 177.800003 0.228129 40.561337
1212667516 29.447573 178.500000 110.000000 178.500000 0.236130 42.149204
1212667516 29.683705 177.199997 110.000000 177.199997 0.236132 41.842590
1212667516 29.911834 177.500000 110.000000 177.500000 0.228129 40.492897
1212667517 30.147974 177.300003 110.000000 177.300003 0.236140 41.867622
1212667517 30.380112 177.699997 110.000000 177.699997 0.232138 41.250919
1212667517 30.612251 177.300003 110.000000 177.300003 0.232139 41.158245
1212667517 30.844383 176.699997 110.000000 176.699997 0.232132 41.017723
1212667518 31.080511 176.600006 110.000000 176.600006 0.236128 41.700207
1212667518 31.312636 177.000000 110.000000 177.000000 0.232125 41.086124
1212667518 31.544766 177.100006 110.000000 177.100006 0.232130 41.110226
1212667518 31.780899 176.800003 110.000000 176.800003 0.236133 41.748314
1212667519 32.013032 176.899994 110.000000 176.899994 0.232133 41.064327
1212667519 32.245164 177.199997 110.000000 177.199997 0.232132 41.133789
1212667519 32.477292 176.399994 110.000000 176.399994 0.232128 40.947376
1212667519 32.713419 176.800003 110.000000 176.800003 0.236127 41.747253
