1212667436 11.355172 176.600006 110.000000 176.600006 11.239971 1984.979004
1212667436 11.591285 176.899994 110.000000 176.899994 0.236113 41.768387
1212667436 11.827392 176.699997 110.000000 176.699997 0.236107 41.720108
1212667437 12.055516 176.300003 110.000000 176.300003 0.228124 40.218262
1212667437 12.291649 177.000000 110.000000 177.000000 0.236133 41.795540
1212667437 12.527783 176.800003 110.000000 176.800003 0.236134 41.748489
1212667437 12.759920 177.199997 110.000000 177.199997 0.232137 41.134674
1212667437 12.988047 177.100006 110.000000 177.100006 0.228127 40.401295
1212667438 13.224169 177.000000 110.000000 177.000000 0.236122 41.793594
1212667438 13.456300 176.699997 110.000000 176.699997 0.232131 41.017548
1212667438 13.688432 176.199997 110.000000 176.199997 0.232132 40.901657
1212667438 13.924557 176.699997 110.000000 176.699997 0.236125 41.723289
1212667439 14.156676 189.100006 110.000000 189.100006 0.232119 43.893703
1212667439 14.388797 186.000000 110.000000 186.000000 0.232121 43.174507
1212667439 14.620924 190.000000 110.000000 190.000000 0.232127 44.104130
1212667439 14.857060 188.199997 110.000000 188.199997 0.236136 44.440796
1212667440 15.089184 189.800003 110.000000 189.800003 0.232124 44.057137
1212667440 15.321316 189.399994 110.000000 189.399994 0.232132 43.965801
1212667440 15.557450 189.600006 110.000000 189.600006 0.236134 44.771008
1212667440 15.789579 189.300003 110.000000 189.300003 0.232129 43.942020
1212667441 16.021714 189.600006 110.000000 189.600006 0.232135 44.012798
1212667441 16.257853 189.199997 110.000000 189.199997 0.236139 44.677498
1212667441 16.489992 189.199997 110.000000 189.199997 0.232139 43.920700
1212667441 16.722124 189.199997 110.000000 189.199997 0.232132 43.919373
1212667441 16.958259 189.100006 110.000000 189.100006 0.236135 44.653130
1212667442 17.190386 186.800003 110.000000 186.800003 0.232127 43.361324
1212667442 17.422513 185.199997 110.000000 185.199997 0.232127 42.989918
1212667442 17.658644 184.100006 110.000000 184.100006 0.236131 43.471718
1212667442 17.890776 184.199997 110.000000 184.199997 0.232132 42.758713
1212667443 18.122907 184.300003 110.000000 184.300003 0.232131 42.781746
1212667443 18.359043 184.699997 110.000000 184.699997 0.236136 43.614319
1212667443 18.595185 185.500000 110.000000 185.500000 0.236142 43.804340
1212667443 18.823323 185.300003 110.000000 185.300003 0.228138 42.273972
1212667444 19.059465 185.899994 110.000000 185.899994 0.236142 43.898796
1212667444 19.291601 184.000000 110.000000 184.000000 0.232136 42.713024
1212667444 19.527740 185.199997 110.000000 185.199997 0.236139 43.732941
1212667444 19.759879 185.100006 110.000000 185.100006 0.232139 42.968933
1212667444 19.992012 188.000000 110.000000 188.000000 0.232133 43.641003
1212667445 20.224140 187.500000 110.000000 187.500000 0.232128 43.523998
1212667445 20.456264 185.600006 110.000000 185.600006 0.232124 43.082214
1212667445 20.688411 187.100006 110.000000 187.100006 0.232147 43.434704
1212667445 20.924510 184.800003 110.000000 184.800003 0.236099 43.631096
1212667446 21.156637 184.300003 110.000000 184.300003 0.232127 42.781006
1212667446 21.388760 184.399994 110.000000 184.399994 0.232123 42.803482
1212667446 21.624881 184.600006 110.000000 184.600006 0.236121 43.587936
1212667446 21.856999 185.300003 110.000000 185.300003 0.232118 43.011467
1212667447 22.089122 185.699997 110.000000 185.699997 0.232123 43.105240
1212667447 22.325253 185.399994 110.000000 185.399994 0.236131 43.778687
1212667447 22.557388 185.500000 110.000000 185.500000 0.232135 43.061043
1212667447 22.789514 185.199997 110.000000 185.199997 0.232126 42.989735
1212667448 23.025644 184.600006 110.000000 184.600006 0.236130 43.589600
1212667448 23.257778 184.800003 110.000000 184.800003 0.232134 42.898365
1212667448 23.489912 185.300003 110.000000 185.300003 0.232134 43.014431
1212667448 23.726045 185.300003 110.000000 185.300003 0.236133 43.755444
1212667448 23.958170 186.399994 110.000000 186.399994 0.232125 43.268097
1212667449 24.190299 185.699997 110.000000 185.699997 0.232129 43.106354
1212667449 24.426436 186.399994 110.000000 186.399994 0.236137 44.015934
1212667449 24.658569 185.199997 110.000000 185.199997 0.232133 42.991032
1212667449 24.890701 184.399994 110.000000 184.399994 0.232132 42.805141
1212667450 25.122823 186.100006 110.000000 186.100006 0.232122 43.197906
1212667450 25.358950 186.100006 110.000000 186.100006 0.236127 43.943237
1212667450 25.595076 186.100006 110.000000 186.100006 0.236126 43.943050
1212667450 25.823199 185.899994 110.000000 185.899994 0.228123 42.408062
1212667451 26.059330 185.199997 110.000000 185.199997 0.236131 43.731461
1212667451 26.295460 185.899994 110.000000 185.899994 0.236130 43.896564
1212667451 26.523579 185.199997 110.000000 185.199997 0.228119 42.247639
1212667451 26.759698 185.899994 110.000000 185.899994 0.236119 43.894520
1212667451 26.995811 185.899994 110.000000 185.899994 0.236113 43.893406
1212667452 27.227923 185.000000 110.000000 185.000000 0.232112 42.940720
1212667452 27.460043 185.699997 110.000000 185.699997 0.232120 43.104683
1212667452 27.692152 185.100006 110.000000 185.100006 0.232109 42.963375
1212667452 27.924272 186.600006 110.000000 186.600006 0.232120 43.313595
1212667453 28.156388 186.699997 110.000000 186.699997 0.232116 43.336056
1212667453 28.391076 187.199997 110.000000 187.199997 0.234688 43.933594
1212667453 28.627217 185.800003 110.000000 185.800003 0.236141 43.874996
1212667453 28.859317 185.199997 110.000000 185.199997 0.232100 42.984917
1212667454 29.095441 188.399994 110.000000 188.399994 0.236124 44.485760
1212667454 29.327565 188.399994 110.000000 188.399994 0.232124 43.732159
1212667454 29.559693 187.800003 110.000000 187.800003 0.232128 43.593639
1212667454 29.795829 188.899994 110.000000 188.899994 0.236136 44.606091
1212667455 30.027961 187.899994 110.000000 187.899994 0.232132 43.617603
1212667455 30.256093 187.699997 110.000000 187.699997 0.228132 42.820374
1212667455 30.476214 188.199997 110.000000 188.199997 0.220121 41.426769
1212667455 30.708344 186.800003 110.000000 186.800003 0.232130 43.361885
1212667455 30.940473 188.300003 110.000000 188.300003 0.232129 43.709888
1212667456 31.176598 188.100006 110.000000 188.100006 0.236125 44.415115
1212667456 31.408714 188.300003 110.000000 188.300003 0.232116 43.707443
1212667456 31.640832 188.500000 110.000000 188.500000 0.232118 43.754242
1212667456 31.872958 188.199997 110.000000 188.199997 0.232126 43.686111
1212667457 32.109084 188.399994 110.000000 188.399994 0.236126 44.486137
1212667457 32.341208 187.699997 110.000000 187.699997 0.232124 43.569675
1212667457 32.573337 188.699997 110.000000 188.699997 0.232129 43.802742
1212667457 32.809467 188.000000 110.000000 188.000000 0.236130 44.392441
1212667458 33.041595 191.699997 110.000000 191.699997 0.232128 44.498936
1212667458 33.273720 189.500000 110.000000 189.500000 0.232125 43.987686
1212667458 33.509842 190.699997 110.000000 190.699997 0.236122 45.028465
1212667458 33.741960 189.899994 110.000000 189.899994 0.232118 44.079205
1212667458 33.974089 176.800003 110.000000 176.800003 0.232129 41.040405
1212667459 34.210227 176.399994 110.000000 176.399994 0.236138 41.654743
1212667459 34.442354 176.699997 110.000000 176.699997 0.232127 41.016838
1212667459 34.674492 177.500000 110.000000 177.500000 0.232138 41.204494
1212667459 34.906630 177.000000 110.000000 177.000000 0.232138 41.088425
1212667460 35.142774 177.300003 110.000000 177.300003 0.236144 41.868332
1212667460 35.374908 176.800003 110.000000 176.800003 0.232134 41.041290
1212667460 35.611043 177.300003 110.000000 177.300003 0.236135 41.866737
1212667460 35.843173 177.699997 110.000000 177.699997 0.232130 41.249500
1212667461 36.079298 176.500000 110.000000 176.500000 0.236125 41.676064
1212667461 36.311424 177.199997 110.000000 177.199997 0.232126 41.132725
1212667461 36.543554 176.699997 110.000000 176.699997 0.232130 41.017372
1212667461 36.779686 176.500000 110.000000 176.500000 0.236132 41.677296
1212667462 37.011818 177.000000 110.000000 177.000000 0.232132 41.087364
1212667462 37.243952 176.699997 110.000000 176.699997 0.232134 41.018078
1212667462 37.476080 176.800003 110.000000 176.800003 0.232128 41.040230
1212667462 37.708225 176.699997 110.000000 176.699997 0.232145 41.020020
1212667462 37.940347 177.199997 110.000000 177.199997 0.232122 41.132019
1212667463 38.176479 177.100006 110.000000 177.100006 0.236132 41.818977
1212667463 38.408609 177.199997 110.000000 177.199997 0.232130 41.133438
1212667463 38.640734 177.100006 110.000000 177.100006 0.232125 41.109341
1212667463 38.876870 176.600006 110.000000 176.600006 0.236136 41.701618
1212667464 39.108999 177.300003 110.000000 177.300003 0.232129 41.156471
1212667464 39.341129 176.699997 110.000000 176.699997 0.232130 41.017372
1212667464 39.577260 176.899994 110.000000 176.899994 0.236131 41.771572
1212667464 39.809397 176.699997 110.000000 176.699997 0.232137 41.018608
1212667465 40.041526 176.699997 110.000000 176.699997 0.232129 41.017193
1212667465 40.273651 176.699997 110.000000 176.699997 0.232125 41.016487
1212667465 40.509778 176.600006 110.000000 176.600006 0.236127 41.700031
1212667465 40.741904 177.199997 110.000000 177.199997 0.232126 41.132725
1212667465 40.974029 177.199997 110.000000 177.199997 0.232125 41.132549
1212667466 41.210161 177.000000 110.000000 177.000000 0.236132 41.795364
1212667466 41.446289 177.000000 110.000000 177.000000 0.236128 41.794655
1212667466 41.674420 176.699997 110.000000 176.699997 0.228131 40.310745
1212667466 41.910551 177.199997 110.000000 177.199997 0.236131 41.842411
1212667467 42.142684 176.699997 110.000000 176.699997 0.232133 41.017902
1212667467 42.374812 177.100006 110.000000 177.100006 0.232128 41.109871
1212667467 42.610946 177.300003 110.000000 177.300003 0.236134 41.866558
1212667467 42.843078 176.699997 110.000000 176.699997 0.232132 41.017723
1212667468 43.075212 177.199997 110.000000 177.199997 0.232134 41.134144
1212667468 43.311344 176.600006 110.000000 176.600006 0.236132 41.700912
1212667468 43.543469 177.300003 110.000000 177.300003 0.232125 41.155762
1212667468 43.779601 177.399994 110.000000 177.399994 0.236132 41.889816
1212667469 44.011729 177.800003 110.000000 177.800003 0.232128 41.272358
1212667469 44.247862 177.000000 110.000000 177.000000 0.236133 41.795540
1212667469 44.479991 176.199997 110.000000 176.199997 0.232129 40.901127
1212667469 44.708120 177.199997 110.000000 177.199997 0.228129 40.424458
1212667469 44.944253 177.000000 110.000000 177.000000 0.236133 41.795540
1212667470 45.176384 176.899994 110.000000 176.899994 0.232131 41.063972
1212667470 45.408512 176.899994 110.000000 176.899994 0.232128 41.063442
1212667470 45.640634 176.699997 110.000000 176.699997 0.232122 41.015957
1212667470 45.876755 176.800003 110.000000 176.800003 0.236121 41.746193
1212667471 46.108885 176.500000 110.000000 176.500000 0.232130 40.970947
1212667471 46.341011 177.100006 110.000000 177.100006 0.232126 41.109516
1212667471 46.577140 176.699997 110.000000 176.699997 0.236129 41.723995
1212667471 46.809270 176.699997 110.000000 176.699997 0.232130 41.017372
1212667472 47.041400 176.800003 110.000000 176.800003 0.232130 41.040585
1212667472 47.277539 176.300003 110.000000 176.300003 0.236139 41.631306
1212667472 47.509666 177.800003 110.000000 177.800003 0.232127 41.272182
1212667472 47.741783 177.300003 110.000000 177.300003 0.232117 41.154343
1212667472 47.973898 176.699997 110.000000 176.699997 0.232115 41.014721
1212667473 48.210025 176.800003 110.000000 176.800003 0.236127 41.747253
