1212667368 11.844382 176.600006 110.000000 176.600006 11.190798 1976.294922
1212667369 12.080475 176.600006 110.000000 176.600006 0.236093 41.694027
1212667369 12.312615 176.899994 110.000000 176.899994 0.232140 41.065567
1212667369 12.544749 176.899994 110.000000 176.899994 0.232134 41.064503
1212667369 12.780890 177.399994 110.000000 177.399994 0.236141 41.891411
1212667370 13.013030 177.000000 110.000000 177.000000 0.232140 41.088779
1212667370 13.245172 176.899994 110.000000 176.899994 0.232142 41.065918
1212667370 13.481317 177.100006 110.000000 177.100006 0.236145 41.821281
1212667370 13.713465 176.899994 110.000000 176.899994 0.232148 41.066982
1212667370 13.945606 177.399994 110.000000 177.399994 0.232141 41.181812
1212667371 14.181746 179.500000 110.000000 179.500000 0.236140 42.387131
1212667371 14.413874 182.100006 110.000000 182.100006 0.232128 42.270508
1212667371 14.646003 183.600006 110.000000 183.600006 0.232129 42.618885
1212667371 14.878131 183.899994 110.000000 183.899994 0.232128 42.688335
1212667372 15.114257 183.600006 110.000000 183.600006 0.236126 43.352737
1212667372 15.346381 183.399994 110.000000 183.399994 0.232124 42.571541
1212667372 15.582513 183.600006 110.000000 183.600006 0.236132 43.353836
1212667372 15.814643 183.600006 110.000000 183.600006 0.232130 42.619072
1212667373 16.046771 183.800003 110.000000 183.800003 0.232128 42.665127
1212667373 16.281469 183.300003 110.000000 183.300003 0.234698 43.020145
1212667373 16.513623 184.699997 110.000000 184.699997 0.232154 42.878841
1212667373 16.745740 183.600006 110.000000 183.600006 0.232117 42.616684
1212667373 16.981880 184.100006 110.000000 184.100006 0.236140 43.473373
1212667374 17.214019 182.899994 110.000000 182.899994 0.232139 42.458221
1212667374 17.446152 182.600006 110.000000 182.600006 0.232133 42.387489
1212667374 17.682286 182.000000 110.000000 182.000000 0.236134 42.976387
1212667374 17.914424 182.699997 110.000000 182.699997 0.232138 42.411610
1212667375 18.146565 182.600006 110.000000 182.600006 0.232141 42.388950
1212667375 18.382708 182.199997 110.000000 182.199997 0.236143 43.025253
1212667375 18.614841 182.100006 110.000000 182.100006 0.232133 42.271420
1212667375 18.846980 182.300003 110.000000 182.300003 0.232139 42.318943
1212667376 19.083153 182.500000 110.000000 182.500000 0.236173 43.101574
1212667376 19.315257 182.199997 110.000000 182.199997 0.232104 42.289349
1212667376 19.551401 182.899994 110.000000 182.899994 0.236144 43.190739
1212667376 19.783543 182.600006 110.000000 182.600006 0.232142 42.389130
1212667377 20.019683 185.100006 110.000000 185.100006 0.236140 43.709515
1212667377 20.251819 184.600006 110.000000 184.600006 0.232136 42.852306
1212667377 20.483952 183.100006 110.000000 183.100006 0.232133 42.503555
1212667377 20.716078 184.000000 110.000000 184.000000 0.232126 42.711182
1212667377 20.948209 183.399994 110.000000 183.399994 0.232131 42.572826
1212667378 21.180337 183.199997 110.000000 183.199997 0.232128 42.525848
1212667378 21.412463 182.899994 110.000000 182.899994 0.232126 42.455845
1212667378 21.648601 183.100006 110.000000 183.100006 0.236138 43.236870
1212667378 21.880736 183.100006 110.000000 183.100006 0.232135 42.503918
1212667379 22.112877 182.500000 110.000000 182.500000 0.232141 42.365734
1212667379 22.349017 182.500000 110.000000 182.500000 0.236140 43.095551
1212667379 22.581156 182.399994 110.000000 182.399994 0.232139 42.342152
1212667379 22.813302 182.699997 110.000000 182.699997 0.232146 42.413071
1212667380 23.049441 183.100006 110.000000 183.100006 0.236139 43.237053
1212667380 23.281580 183.199997 110.000000 183.199997 0.232139 42.527866
1212667380 23.513715 182.899994 110.000000 182.899994 0.232135 42.457489
1212667380 23.749850 182.600006 110.000000 182.600006 0.236135 43.118252
1212667380 23.981982 183.100006 110.000000 183.100006 0.232132 42.503372
1212667381 24.214119 183.000000 110.000000 183.000000 0.232137 42.481071
1212667381 24.446251 182.800003 110.000000 182.800003 0.232132 42.433731
1212667381 24.682385 182.899994 110.000000 182.899994 0.236134 43.188908
1212667381 24.914519 182.500000 110.000000 182.500000 0.232134 42.364456
1212667382 25.146651 183.199997 110.000000 183.199997 0.232132 42.526581
1212667382 25.382784 182.699997 110.000000 182.699997 0.236133 43.141499
1212667382 25.618916 183.000000 110.000000 183.000000 0.236132 43.212154
1212667382 25.851044 183.300003 110.000000 183.300003 0.232128 42.549061
1212667383 26.083186 182.699997 110.000000 182.699997 0.232142 42.412342
1212667383 26.319320 183.100006 110.000000 183.100006 0.236134 43.236137
1212667383 26.547448 183.000000 110.000000 183.000000 0.228128 41.747425
1212667383 26.783591 182.899994 110.000000 182.899994 0.236143 43.190552
1212667384 27.019732 182.500000 110.000000 182.500000 0.236141 43.095734
1212667384 27.251881 182.399994 110.000000 182.399994 0.232149 42.343979
1212667384 27.484020 182.800003 110.000000 182.800003 0.232139 42.435013
1212667384 27.716159 182.399994 110.000000 182.399994 0.232139 42.342152
1212667384 27.948305 183.300003 110.000000 183.300003 0.232146 42.552361
1212667385 28.180444 182.699997 110.000000 182.699997 0.232139 42.411797
1212667385 28.416583 182.800003 110.000000 182.800003 0.236139 43.166210
1212667385 28.648724 182.000000 110.000000 182.000000 0.232141 42.249664
1212667385 28.880862 181.399994 110.000000 181.399994 0.232138 42.109829
1212667386 29.116998 182.500000 110.000000 182.500000 0.236136 43.094822
1212667386 29.349128 182.600006 110.000000 182.600006 0.232130 42.386940
1212667386 29.581266 182.800003 110.000000 182.800003 0.232138 42.434826
1212667386 29.817407 183.199997 110.000000 183.199997 0.236141 43.261028
1212667387 30.049542 182.399994 110.000000 182.399994 0.232135 42.341423
1212667387 30.281679 182.399994 110.000000 182.399994 0.232137 42.341785
1212667387 30.513819 182.199997 110.000000 182.199997 0.232140 42.295910
1212667387 30.749959 182.600006 110.000000 182.600006 0.236140 43.119164
1212667387 30.982093 182.300003 110.000000 182.300003 0.232134 42.318027
1212667388 31.214224 182.300003 110.000000 182.300003 0.232131 42.317482
1212667388 31.450356 182.500000 110.000000 182.500000 0.236132 43.094090
1212667388 31.682486 181.899994 110.000000 181.899994 0.232130 42.224445
1212667388 31.914624 182.800003 110.000000 182.800003 0.232138 42.434826
1212667389 32.150762 182.699997 110.000000 182.699997 0.236138 43.142410
1212667389 32.386901 183.399994 110.000000 183.399994 0.236139 43.307892
1212667389 32.615037 183.199997 110.000000 183.199997 0.228136 41.794514
1212667389 32.851176 182.699997 110.000000 182.699997 0.236139 43.142593
1212667390 33.087316 183.100006 110.000000 183.100006 0.236140 43.237236
1212667390 33.319453 182.600006 110.000000 182.600006 0.232137 42.388218
1212667390 33.551582 182.699997 110.000000 182.699997 0.232129 42.409966
1212667390 33.787716 182.399994 110.000000 182.399994 0.236134 43.070839
1212667391 34.019848 182.600006 110.000000 182.600006 0.232132 42.387306
1212667391 34.251981 182.500000 110.000000 182.500000 0.232133 42.364273
1212667391 34.484115 182.500000 110.000000 182.500000 0.232134 42.364456
1212667391 34.716247 182.899994 110.000000 182.899994 0.232132 42.456944
1212667391 34.948377 182.600006 110.000000 182.600006 0.232130 42.386940
1212667392 35.184512 183.000000 110.000000 183.000000 0.236135 43.212708
1212667392 35.416639 182.899994 110.000000 182.899994 0.232127 42.456028
1212667392 35.648760 182.899994 110.000000 182.899994 0.232121 42.454929
1212667392 35.884888 183.300003 110.000000 183.300003 0.236128 43.282265
1212667393 36.117021 182.800003 110.000000 182.800003 0.232133 42.433914
1212667393 36.354602 183.199997 110.000000 183.199997 0.237581 43.524837
1212667393 36.582726 182.399994 110.000000 182.399994 0.228124 41.609814
1212667393 36.818856 182.800003 110.000000 182.800003 0.236130 43.164566
1212667394 37.050992 182.399994 110.000000 182.399994 0.232136 42.341606
1212667394 37.283126 182.100006 110.000000 182.100006 0.232134 42.271603
1212667394 37.519259 182.800003 110.000000 182.800003 0.236133 43.165112
1212667394 37.751387 182.600006 110.000000 182.600006 0.232128 42.386574
1212667394 37.983521 182.699997 110.000000 182.699997 0.232134 42.410881
1212667395 38.219651 182.500000 110.000000 182.500000 0.236130 43.093723
1212667395 38.455781 182.199997 110.000000 182.199997 0.236130 43.022884
1212667395 38.683908 183.300003 110.000000 183.300003 0.228127 41.815681
1212667395 38.920047 182.699997 110.000000 182.699997 0.236139 43.142593
1212667396 39.152175 183.800003 110.000000 183.800003 0.232128 42.665127
1212667396 39.384309 183.000000 110.000000 183.000000 0.232134 42.480522
1212667396 39.616443 182.600006 110.000000 182.600006 0.232134 42.387669
1212667396 39.852581 182.800003 110.000000 182.800003 0.236138 43.166027
1212667397 40.084715 182.000000 110.000000 182.000000 0.232134 42.248386
1212667397 40.316855 183.199997 110.000000 183.199997 0.232140 42.528049
1212667397 40.548984 182.699997 110.000000 182.699997 0.232129 42.409966
1212667397 40.785118 182.800003 110.000000 182.800003 0.236134 43.165295
1212667398 41.017249 182.500000 110.000000 182.500000 0.232131 42.363907
1212667398 41.249374 182.600006 110.000000 182.600006 0.232125 42.386024
1212667398 41.485506 182.600006 110.000000 182.600006 0.236132 43.117702
1212667398 41.717635 185.399994 110.000000 185.399994 0.232129 43.036713
1212667398 41.949768 184.399994 110.000000 184.399994 0.232133 42.805325
1212667399 42.185899 184.500000 110.000000 184.500000 0.236131 43.566170
1212667399 42.418027 182.699997 110.000000 182.699997 0.232128 42.409782
1212667399 42.650159 187.199997 110.000000 187.199997 0.232132 43.455109
1212667399 42.886290 186.800003 110.000000 186.800003 0.236131 44.109272
1212667400 43.118417 185.899994 110.000000 185.899994 0.232127 43.152409
1212667400 43.350543 185.000000 110.000000 185.000000 0.232126 42.943310
1212667400 43.586672 185.000000 110.000000 185.000000 0.236129 43.683865
1212667400 43.818799 184.699997 110.000000 184.699997 0.232127 42.873856
1212667401 44.050919 185.600006 110.000000 185.600006 0.232120 43.081474
1212667401 44.287046 184.800003 110.000000 184.800003 0.236127 43.636272
1212667401 44.523174 184.699997 110.000000 184.699997 0.236128 43.612843
1212667401 44.751293 184.399994 110.000000 184.399994 0.228119 42.065144
1212667401 44.987420 185.000000 110.000000 185.000000 0.236127 43.683495
1212667402 45.219548 185.500000 110.000000 185.500000 0.232128 43.059742
1212667402 45.455682 182.800003 110.000000 182.800003 0.236134 43.165295
1212667402 45.687811 186.100006 110.000000 186.100006 0.232129 43.199207
1212667402 45.919935 183.300003 110.000000 183.300003 0.232124 42.548328
1212667403 46.152067 183.100006 110.000000 183.100006 0.232132 42.503372
1212667403 46.384204 183.600006 110.000000 183.600006 0.232137 42.620354
1212667403 46.620339 183.600006 110.000000 183.600006 0.236135 43.354389
1212667403 46.852472 183.300003 110.000000 183.300003 0.232133 42.549980
1212667404 47.084612 184.399994 110.000000 184.399994 0.232140 42.806614
1212667404 47.316747 182.699997 110.000000 182.699997 0.232135 42.411064
1212667404 47.552880 182.600006 110.000000 182.600006 0.236133 43.117886
1212667404 47.785012 182.699997 110.000000 182.699997 0.232132 42.410515
1212667405 48.017146 184.600006 110.000000 184.600006 0.232134 42.851936
1212667405 48.253282 185.100006 110.000000 185.100006 0.236136 43.708775
1212667405 48.485407 183.899994 110.000000 183.899994 0.232125 42.687786
1212667405 48.717536 183.899994 110.000000 183.899994 0.232129 42.688519
1212667405 48.953674 184.100006 110.000000 184.100006 0.236138 43.473007
1212667406 49.185813 187.399994 110.000000 187.399994 0.232139 43.502850
1212667406 49.417945 186.800003 110.000000 186.800003 0.232132 43.362259
1212667406 49.650087 176.199997 110.000000 176.199997 0.232142 40.903419
1212667406 49.886214 177.199997 110.000000 177.199997 0.236127 41.841705
1212667407 50.118349 177.899994 110.000000 177.899994 0.232135 41.296814
1212667407 50.354490 178.199997 110.000000 178.199997 0.236141 42.080326
1212667407 50.586627 177.600006 110.000000 177.600006 0.232137 41.227531
1212667407 50.818768 177.899994 110.000000 177.899994 0.232141 41.297882
1212667408 51.050910 177.600006 110.000000 177.600006 0.232142 41.228420
1212667408 51.287052 176.699997 110.000000 176.699997 0.236142 41.726288
1212667408 51.523218 177.600006 110.000000 177.600006 0.236166 41.943085
1212667408 51.751328 177.500000 110.000000 177.500000 0.228110 40.489525
1212667408 51.987473 177.699997 110.000000 177.699997 0.236145 41.962967
1212667409 52.223610 177.000000 110.000000 177.000000 0.236137 41.796249
1212667409 52.455750 176.899994 110.000000 176.899994 0.232140 41.065567
1212667409 52.687883 177.199997 110.000000 177.199997 0.232133 41.133968
1212667409 52.924021 177.100006 110.000000 177.100006 0.236138 41.820042
1212667410 53.152168 177.100006 110.000000 177.100006 0.228147 40.404835
1212667410 53.384292 176.899994 110.000000 176.899994 0.232124 41.062733
1212667410 53.620432 176.899994 110.000000 176.899994 0.236140 41.773163
